-0.00   -0.00   -0.00   -0.00   -0.00   -0.00   -0.00   -0.00   -0.00   -0.00   -0.00   -0.00   -0.00   -0.00   -0.00   -0.00   -0.00   -0.00   -0.00   -0.00   -0.00   -0.00   -0.00   -0.00   -0.00   -0.00   -0.00   -0.00   -0.00   -0.00   -0.00   -0.00   -0.00   -0.00   -0.00   -0.00   -0.00   -0.00   -0.00   -0.00   -0.00   -0.00   -0.00   -0.00   -0.00   -0.00   -0.00   -0.00   -0.00   -0.00  
-0.00   -0.00   -0.00   -0.00   -0.00   -0.00   -0.00   -0.00   -0.00   -0.00   -0.00   -0.00   -0.00   -0.00   -0.00   -0.00   -0.00   -0.00   -0.00   -0.00   -0.00   -0.00   -0.00   -0.00   -0.00   -0.00   -0.00   -0.00   -0.00   -0.00   -0.00   -0.00   -0.00   -0.00   -0.00   -0.00   -0.00   -0.00   -0.00   -0.00   -0.00   -0.00   -0.00   -0.00   -0.00   -0.00   -0.00   -0.00   -0.00   -0.00  
-0.00   -0.00   -0.00   -0.00   -0.00   -0.00   -0.00   -0.00   -0.00   -0.00   -0.00   -0.00   -0.00   -0.00   -0.00   -0.00   -0.00   -0.00   -0.00   -0.00   -0.00   -0.00   -0.00   -0.00   -0.00   -0.00   -0.00   -0.00   -0.00   -0.00   -0.00   -0.00   -0.00   -0.00   -0.00   -0.00   -0.00   -0.00   -0.00   -0.00   -0.00   -0.00   -0.00   -0.00   -0.00   -0.00   -0.00   -0.00   -0.00   -0.00  
-0.00   -0.00   -0.00   -0.00   -0.00   -0.00   -0.00   -0.00   -0.00   -0.00   -0.00   -0.04   -0.04   -0.04   -0.04   -0.04   -0.04   -0.04   -0.04   -0.00   -0.00   -0.00   -0.00   -0.00   -0.00   -0.00   -0.00   -0.00   -0.00   -0.00   -0.00   -0.00   -0.00   -0.00   -0.00   -0.00   -0.00   -0.00   -0.00   -0.00   -0.00   -0.00   -0.00   -0.00   -0.00   -0.00   -0.00   -0.00   -0.00   -0.00  
-0.00   -0.00   -0.00   -0.00   -0.00   -0.00   -0.00   -0.00   -0.00   -0.04   -0.05   -0.05   -0.06   -0.06   -0.06   -0.06   -0.06   -0.06   -0.05   -0.05   -0.04   -0.04   -0.00   -0.00   -0.00   -0.00   -0.00   -0.00   -0.00   -0.00   -0.00   -0.00   -0.00   -0.00   -0.00   -0.00   -0.00   -0.00   -0.00   -0.00   -0.00   -0.00   -0.00   -0.00   -0.00   -0.00   -0.00   -0.00   -0.00   -0.00  
-0.00   -0.00   -0.00   -0.00   -0.00   -0.00   -0.00   -0.04   -0.05   -0.06   -0.06   -0.07   -0.08   -0.08   -0.08   -0.08   -0.08   -0.08   -0.07   -0.07   -0.06   -0.05   -0.04   -0.04   -0.00   -0.00   -0.00   -0.00   -0.00   -0.00   -0.00   -0.00   -0.00   -0.00   -0.00   -0.00   -0.00   -0.00   -0.00   -0.00   -0.00   -0.00   -0.00   -0.00   -0.00   -0.00   -0.00   -0.00   -0.00   -0.00  
-0.00   -0.00   -0.00   -0.00   -0.00   -0.00   -0.04   -0.05   -0.06   -0.07   -0.09   -0.10   -0.10   -0.10   -0.11   -0.11   -0.11   -0.10   -0.10   -0.09   -0.08   -0.07   -0.06   -0.05   -0.04   -0.00   -0.00   -0.00   -0.00   -0.00   -0.00   -0.00   -0.00   -0.00   -0.00   -0.00   -0.00   -0.00   -0.00   -0.00   -0.00   -0.00   -0.00   -0.00   -0.00   -0.00   -0.00   -0.00   -0.00   -0.00  
-0.00   -0.00   -0.00   -0.00   -0.00   -0.04   -0.06   -0.07   -0.08   -0.10   -0.11   -0.12   -0.13   -0.14   -0.14   -0.14   -0.14   -0.13   -0.12   -0.11   -0.10   -0.09   -0.07   -0.06   -0.05   -0.04   -0.00   -0.00   -0.00   -0.00   -0.00   -0.00   -0.00   -0.00   -0.00   -0.00   -0.00   -0.00   -0.00   -0.00   -0.00   -0.00   -0.00   -0.00   -0.00   -0.00   -0.00   -0.00   -0.00   -0.00  
-0.00   -0.00   -0.00   -0.00   -0.04   -0.06   -0.07   -0.09   -0.10   -0.12   -0.14   -0.15   -0.16   -0.17   -0.17   -0.17   -0.17   -0.16   -0.15   -0.14   -0.12   -0.11   -0.10   -0.08   -0.06   -0.05   -0.04   -0.00   -0.00   -0.00   -0.00   -0.00   -0.00   -0.00   -0.00   -0.00   -0.00   -0.00   -0.00   -0.00   -0.00   -0.00   -0.00   -0.00   -0.00   -0.00   -0.00   -0.00   -0.00   -0.00  
-0.00   -0.00   -0.00   -0.04   -0.06   -0.07   -0.09   -0.11   -0.13   -0.15   -0.16   -0.18   -0.19   -0.19   -0.20   -0.20   -0.20   -0.19   -0.18   -0.17   -0.15   -0.14   -0.11   -0.10   -0.08   -0.06   -0.05   -0.00   -0.00   -0.00   -0.00   -0.00   -0.00   -0.00   -0.00   -0.00   -0.00   -0.00   -0.00   -0.00   -0.00   -0.00   -0.00   -0.00   -0.00   -0.00   -0.00   -0.00   -0.00   -0.00  
-0.00   -0.00   -0.04   -0.05   -0.07   -0.09   -0.10   -0.13   -0.15   -0.17   -0.19   -0.20   -0.21   -0.22   -0.22   -0.22   -0.22   -0.21   -0.20   -0.19   -0.21   -0.19   -0.18   -0.15   -0.13   -0.07   -0.06   -0.04   -0.00   -0.00   -0.00   -0.00   -0.00   -0.00   -0.00   -0.00   -0.00   -0.00   -0.00   -0.00   -0.00   -0.00   -0.00   -0.00   -0.00   -0.00   -0.00   -0.00   -0.00   -0.00  
-0.00   -0.00   -0.04   -0.06   -0.08   -0.10   -0.12   -0.15   -0.17   -0.19   -0.21   -0.22   -0.23   -0.23   -0.24   -0.24   -0.23   -0.27   -0.27   -0.26   -0.25   -0.23   -0.21   -0.19   -0.16   -0.14   -0.11   -0.09   -0.04   -0.00   -0.00   -0.00   -0.00   -0.00   -0.00   -0.00   -0.00   -0.00   -0.00   -0.00   -0.00   -0.00   -0.00   -0.00   -0.00   -0.00   -0.00   -0.00   -0.00   -0.00  
-0.00   -0.04   -0.05   -0.07   -0.09   -0.11   -0.14   -0.17   -0.19   -0.21   -0.22   -0.23   -0.24   -0.24   -0.24   -0.28   -0.29   -0.30   -0.30   -0.30   -0.29   -0.27   -0.25   -0.22   -0.19   -0.17   -0.14   -0.11   -0.09   -0.04   -0.00   -0.00   -0.00   -0.00   -0.00   -0.00   -0.00   -0.00   -0.00   -0.00   -0.00   -0.00   -0.00   -0.00   -0.00   -0.00   -0.00   -0.00   -0.00   -0.00  
-0.00   -0.04   -0.06   -0.08   -0.10   -0.13   -0.16   -0.18   -0.20   -0.22   -0.23   -0.24   -0.24   -0.28   -0.28   -0.30   -0.30   -0.32   -0.33   -0.33   -0.33   -0.31   -0.29   -0.27   -0.24   -0.20   -0.17   -0.14   -0.11   -0.06   -0.05   -0.04   -0.00   -0.00   -0.00   -0.00   -0.00   -0.00   -0.00   -0.00   -0.00   -0.00   -0.00   -0.00   -0.00   -0.00   -0.00   -0.00   -0.00   -0.00  
-0.00   -0.04   -0.06   -0.09   -0.11   -0.14   -0.17   -0.19   -0.22   -0.23   -0.24   -0.24   -0.28   -0.28   -0.29   -0.30   -0.32   -0.33   -0.35   -0.36   -0.36   -0.35   -0.33   -0.31   -0.28   -0.24   -0.21   -0.17   -0.14   -0.11   -0.06   -0.05   -0.04   -0.00   -0.00   -0.00   -0.00   -0.00   -0.00   -0.00   -0.00   -0.00   -0.00   -0.00   -0.00   -0.00   -0.00   -0.00   -0.00   -0.00  
-0.00   -0.05   -0.07   -0.09   -0.11   -0.15   -0.18   -0.20   -0.22   -0.24   -0.24   -0.28   -0.28   -0.28   -0.29   -0.30   -0.32   -0.35   -0.37   -0.39   -0.39   -0.39   -0.37   -0.34   -0.35   -0.31   -0.27   -0.24   -0.20   -0.17   -0.11   -0.06   -0.05   -0.04   -0.00   -0.00   -0.00   -0.00   -0.00   -0.00   -0.00   -0.00   -0.00   -0.00   -0.00   -0.00   -0.00   -0.00   -0.00   -0.00  
-0.00   -0.05   -0.07   -0.10   -0.12   -0.15   -0.18   -0.21   -0.23   -0.24   -0.24   -0.28   -0.28   -0.28   -0.28   -0.29   -0.33   -0.36   -0.39   -0.41   -0.42   -0.46   -0.44   -0.42   -0.39   -0.36   -0.32   -0.28   -0.25   -0.21   -0.14   -0.12   -0.10   -0.08   -0.04   -0.00   -0.00   -0.00   -0.00   -0.00   -0.00   -0.00   -0.00   -0.00   -0.00   -0.00   -0.00   -0.00   -0.00   -0.00  
-0.04   -0.05   -0.07   -0.10   -0.12   -0.15   -0.18   -0.21   -0.23   -0.24   -0.29   -0.29   -0.29   -0.29   -0.28   -0.29   -0.34   -0.38   -0.42   -0.44   -0.49   -0.50   -0.48   -0.47   -0.45   -0.41   -0.37   -0.33   -0.29   -0.25   -0.18   -0.16   -0.13   -0.11   -0.08   -0.00   -0.00   -0.00   -0.00   -0.00   -0.00   -0.00   -0.00   -0.00   -0.00   -0.00   -0.00   -0.00   -0.00   -0.00  
-0.04   -0.05   -0.07   -0.10   -0.12   -0.15   -0.18   -0.21   -0.23   -0.28   -0.29   -0.30   -0.31   -0.31   -0.31   -0.33   -0.36   -0.41   -0.48   -0.51   -0.53   -0.53   -0.53   -0.51   -0.49   -0.49   -0.46   -0.42   -0.39   -0.35   -0.27   -0.25   -0.21   -0.18   -0.14   -0.08   -0.04   -0.00   -0.00   -0.00   -0.00   -0.00   -0.00   -0.00   -0.00   -0.00   -0.00   -0.00   -0.00   -0.00  
-0.00   -0.05   -0.07   -0.09   -0.12   -0.15   -0.18   -0.20   -0.22   -0.28   -0.30   -0.32   -0.33   -0.34   -0.35   -0.37   -0.41   -0.48   -0.51   -0.54   -0.56   -0.56   -0.56   -0.58   -0.57   -0.54   -0.52   -0.49   -0.45   -0.40   -0.34   -0.31   -0.27   -0.22   -0.19   -0.15   -0.09   -0.04   -0.00   -0.00   -0.00   -0.00   -0.00   -0.00   -0.00   -0.00   -0.00   -0.00   -0.00   -0.00  
-0.00   -0.05   -0.06   -0.09   -0.11   -0.14   -0.17   -0.20   -0.22   -0.28   -0.31   -0.33   -0.35   -0.37   -0.39   -0.41   -0.48   -0.51   -0.55   -0.56   -0.58   -0.62   -0.62   -0.62   -0.61   -0.60   -0.57   -0.55   -0.52   -0.48   -0.41   -0.37   -0.32   -0.28   -0.24   -0.19   -0.15   -0.09   -0.07   -0.00   -0.00   -0.00   -0.00   -0.00   -0.00   -0.00   -0.00   -0.00   -0.00   -0.00  
-0.00   -0.04   -0.06   -0.08   -0.10   -0.13   -0.16   -0.19   -0.25   -0.28   -0.31   -0.34   -0.37   -0.39   -0.42   -0.48   -0.51   -0.54   -0.57   -0.58   -0.63   -0.64   -0.64   -0.65   -0.64   -0.64   -0.63   -0.61   -0.58   -0.51   -0.48   -0.44   -0.39   -0.34   -0.28   -0.23   -0.19   -0.12   -0.09   -0.07   -0.00   -0.00   -0.00   -0.00   -0.00   -0.00   -0.00   -0.00   -0.00   -0.00  
-0.00   -0.04   -0.05   -0.07   -0.10   -0.12   -0.15   -0.17   -0.24   -0.27   -0.31   -0.34   -0.38   -0.40   -0.43   -0.50   -0.53   -0.56   -0.58   -0.63   -0.64   -0.65   -0.65   -0.66   -0.67   -0.67   -0.67   -0.66   -0.63   -0.58   -0.54   -0.50   -0.45   -0.40   -0.34   -0.28   -0.23   -0.15   -0.12   -0.09   -0.04   -0.00   -0.00   -0.00   -0.00   -0.00   -0.00   -0.00   -0.00   -0.00  
-0.00   -0.00   -0.05   -0.06   -0.08   -0.10   -0.13   -0.16   -0.22   -0.26   -0.29   -0.34   -0.37   -0.41   -0.47   -0.51   -0.55   -0.57   -0.62   -0.64   -0.65   -0.65   -0.65   -0.67   -0.69   -0.70   -0.70   -0.70   -0.68   -0.63   -0.60   -0.56   -0.50   -0.45   -0.39   -0.33   -0.28   -0.19   -0.15   -0.11   -0.09   -0.04   -0.00   -0.00   -0.00   -0.00   -0.00   -0.00   -0.00   -0.00  
-0.00   -0.00   -0.04   -0.05   -0.07   -0.09   -0.11   -0.14   -0.20   -0.24   -0.28   -0.32   -0.36   -0.40   -0.47   -0.51   -0.54   -0.60   -0.63   -0.64   -0.66   -0.65   -0.64   -0.67   -0.70   -0.72   -0.73   -0.72   -0.68   -0.67   -0.65   -0.61   -0.56   -0.50   -0.43   -0.38   -0.31   -0.22   -0.18   -0.14   -0.10   -0.05   -0.00   -0.00   -0.00   -0.00   -0.00   -0.00   -0.00   -0.00  
-0.00   -0.00   -0.00   -0.04   -0.06   -0.07   -0.10   -0.11   -0.18   -0.21   -0.26   -0.30   -0.34   -0.41   -0.46   -0.50   -0.53   -0.60   -0.63   -0.65   -0.66   -0.66   -0.65   -0.68   -0.71   -0.73   -0.74   -0.74   -0.71   -0.69   -0.67   -0.64   -0.59   -0.54   -0.48   -0.41   -0.35   -0.25   -0.21   -0.16   -0.12   -0.09   -0.04   -0.00   -0.00   -0.00   -0.00   -0.00   -0.00   -0.00  
-0.00   -0.00   -0.00   -0.04   -0.05   -0.06   -0.08   -0.10   -0.15   -0.19   -0.23   -0.27   -0.31   -0.38   -0.43   -0.47   -0.55   -0.59   -0.63   -0.66   -0.67   -0.68   -0.69   -0.70   -0.73   -0.74   -0.74   -0.71   -0.71   -0.70   -0.68   -0.65   -0.61   -0.57   -0.51   -0.44   -0.38   -0.28   -0.23   -0.18   -0.14   -0.10   -0.05   -0.00   -0.00   -0.00   -0.00   -0.00   -0.00   -0.00  
-0.00   -0.00   -0.00   -0.00   -0.04   -0.05   -0.06   -0.07   -0.13   -0.16   -0.19   -0.23   -0.28   -0.35   -0.40   -0.45   -0.53   -0.58   -0.62   -0.65   -0.68   -0.70   -0.72   -0.73   -0.74   -0.74   -0.70   -0.69   -0.69   -0.69   -0.67   -0.65   -0.62   -0.58   -0.53   -0.47   -0.40   -0.31   -0.26   -0.20   -0.15   -0.11   -0.06   -0.04   -0.00   -0.00   -0.00   -0.00   -0.00   -0.00  
-0.00   -0.00   -0.00   -0.00   -0.00   -0.04   -0.05   -0.06   -0.11   -0.14   -0.16   -0.20   -0.23   -0.31   -0.36   -0.41   -0.50   -0.55   -0.61   -0.65   -0.69   -0.71   -0.73   -0.74   -0.74   -0.69   -0.68   -0.67   -0.66   -0.66   -0.65   -0.64   -0.62   -0.58   -0.54   -0.48   -0.42   -0.33   -0.27   -0.22   -0.17   -0.13   -0.06   -0.04   -0.00   -0.00   -0.00   -0.00   -0.00   -0.00  
-0.00   -0.00   -0.00   -0.00   -0.00   -0.00   -0.04   -0.04   -0.05   -0.11   -0.14   -0.17   -0.20   -0.27   -0.32   -0.40   -0.47   -0.53   -0.59   -0.64   -0.68   -0.71   -0.74   -0.74   -0.71   -0.69   -0.65   -0.62   -0.62   -0.62   -0.62   -0.61   -0.60   -0.57   -0.54   -0.48   -0.43   -0.34   -0.29   -0.23   -0.18   -0.13   -0.07   -0.05   -0.00   -0.00   -0.00   -0.00   -0.00   -0.00  
-0.00   -0.00   -0.00   -0.00   -0.00   -0.00   -0.00   -0.00   -0.04   -0.09   -0.11   -0.13   -0.16   -0.24   -0.28   -0.37   -0.43   -0.49   -0.56   -0.62   -0.67   -0.71   -0.70   -0.71   -0.71   -0.68   -0.64   -0.61   -0.59   -0.58   -0.58   -0.58   -0.58   -0.56   -0.53   -0.48   -0.40   -0.34   -0.30   -0.24   -0.18   -0.14   -0.07   -0.05   -0.04   -0.00   -0.00   -0.00   -0.00   -0.00  
-0.00   -0.00   -0.00   -0.00   -0.00   -0.00   -0.00   -0.00   -0.00   -0.04   -0.08   -0.11   -0.13   -0.20   -0.24   -0.33   -0.39   -0.46   -0.53   -0.59   -0.61   -0.66   -0.69   -0.71   -0.70   -0.68   -0.64   -0.60   -0.58   -0.55   -0.54   -0.55   -0.55   -0.54   -0.52   -0.47   -0.40   -0.35   -0.30   -0.24   -0.19   -0.14   -0.07   -0.05   -0.04   -0.00   -0.00   -0.00   -0.00   -0.00  
-0.00   -0.00   -0.00   -0.00   -0.00   -0.00   -0.00   -0.00   -0.00   -0.00   -0.04   -0.06   -0.07   -0.14   -0.17   -0.25   -0.32   -0.38   -0.46   -0.52   -0.59   -0.64   -0.67   -0.69   -0.69   -0.67   -0.64   -0.61   -0.57   -0.52   -0.52   -0.53   -0.54   -0.52   -0.50   -0.43   -0.39   -0.35   -0.29   -0.23   -0.18   -0.14   -0.07   -0.05   -0.04   -0.00   -0.00   -0.00   -0.00   -0.00  
-0.00   -0.00   -0.00   -0.00   -0.00   -0.00   -0.00   -0.00   -0.00   -0.00   -0.00   -0.05   -0.06   -0.12   -0.15   -0.23   -0.29   -0.35   -0.42   -0.48   -0.55   -0.60   -0.64   -0.66   -0.67   -0.66   -0.63   -0.60   -0.57   -0.54   -0.52   -0.52   -0.52   -0.51   -0.48   -0.42   -0.38   -0.33   -0.28   -0.23   -0.18   -0.13   -0.07   -0.05   -0.04   -0.00   -0.00   -0.00   -0.00   -0.00  
-0.00   -0.00   -0.00   -0.00   -0.00   -0.00   -0.00   -0.00   -0.00   -0.00   -0.00   -0.04   -0.05   -0.10   -0.13   -0.20   -0.25   -0.31   -0.38   -0.44   -0.50   -0.55   -0.60   -0.62   -0.64   -0.63   -0.62   -0.60   -0.57   -0.55   -0.53   -0.52   -0.51   -0.49   -0.43   -0.41   -0.36   -0.32   -0.26   -0.22   -0.17   -0.09   -0.07   -0.05   -0.00   -0.00   -0.00   -0.00   -0.00   -0.00  
-0.00   -0.00   -0.00   -0.00   -0.00   -0.00   -0.00   -0.00   -0.00   -0.00   -0.00   -0.00   -0.04   -0.05   -0.10   -0.13   -0.22   -0.27   -0.33   -0.39   -0.45   -0.50   -0.54   -0.58   -0.59   -0.60   -0.59   -0.57   -0.56   -0.54   -0.52   -0.51   -0.49   -0.44   -0.42   -0.38   -0.34   -0.30   -0.25   -0.20   -0.16   -0.09   -0.07   -0.05   -0.00   -0.00   -0.00   -0.00   -0.00   -0.00  
-0.00   -0.00   -0.00   -0.00   -0.00   -0.00   -0.00   -0.00   -0.00   -0.00   -0.00   -0.00   -0.00   -0.04   -0.08   -0.11   -0.18   -0.23   -0.27   -0.34   -0.39   -0.44   -0.49   -0.52   -0.54   -0.56   -0.56   -0.55   -0.54   -0.52   -0.51   -0.49   -0.44   -0.42   -0.39   -0.35   -0.31   -0.27   -0.22   -0.18   -0.14   -0.08   -0.06   -0.04   -0.00   -0.00   -0.00   -0.00   -0.00   -0.00  
-0.00   -0.00   -0.00   -0.00   -0.00   -0.00   -0.00   -0.00   -0.00   -0.00   -0.00   -0.00   -0.00   -0.00   -0.00   -0.08   -0.14   -0.18   -0.23   -0.28   -0.33   -0.38   -0.42   -0.46   -0.48   -0.50   -0.51   -0.51   -0.50   -0.49   -0.44   -0.43   -0.41   -0.39   -0.36   -0.33   -0.28   -0.25   -0.20   -0.16   -0.09   -0.07   -0.05   -0.04   -0.00   -0.00   -0.00   -0.00   -0.00   -0.00  
-0.00   -0.00   -0.00   -0.00   -0.00   -0.00   -0.00   -0.00   -0.00   -0.00   -0.00   -0.00   -0.00   -0.00   -0.00   -0.04   -0.05   -0.15   -0.19   -0.23   -0.28   -0.31   -0.36   -0.39   -0.42   -0.44   -0.45   -0.45   -0.42   -0.41   -0.41   -0.40   -0.38   -0.35   -0.32   -0.29   -0.25   -0.21   -0.17   -0.10   -0.08   -0.06   -0.05   -0.00   -0.00   -0.00   -0.00   -0.00   -0.00   -0.00  
-0.00   -0.00   -0.00   -0.00   -0.00   -0.00   -0.00   -0.00   -0.00   -0.00   -0.00   -0.00   -0.00   -0.00   -0.00   -0.00   -0.04   -0.09   -0.12   -0.15   -0.22   -0.26   -0.29   -0.33   -0.36   -0.34   -0.36   -0.37   -0.37   -0.37   -0.36   -0.35   -0.33   -0.31   -0.28   -0.25   -0.21   -0.18   -0.14   -0.09   -0.07   -0.05   -0.04   -0.00   -0.00   -0.00   -0.00   -0.00   -0.00   -0.00  
-0.00   -0.00   -0.00   -0.00   -0.00   -0.00   -0.00   -0.00   -0.00   -0.00   -0.00   -0.00   -0.00   -0.00   -0.00   -0.00   -0.00   -0.04   -0.09   -0.12   -0.15   -0.18   -0.21   -0.24   -0.27   -0.29   -0.31   -0.31   -0.32   -0.32   -0.31   -0.30   -0.28   -0.26   -0.23   -0.20   -0.18   -0.14   -0.09   -0.07   -0.06   -0.04   -0.00   -0.00   -0.00   -0.00   -0.00   -0.00   -0.00   -0.00  
-0.00   -0.00   -0.00   -0.00   -0.00   -0.00   -0.00   -0.00   -0.00   -0.00   -0.00   -0.00   -0.00   -0.00   -0.00   -0.00   -0.00   -0.00   -0.07   -0.09   -0.11   -0.14   -0.17   -0.19   -0.21   -0.24   -0.25   -0.26   -0.26   -0.27   -0.26   -0.25   -0.23   -0.21   -0.19   -0.17   -0.14   -0.09   -0.07   -0.06   -0.05   -0.00   -0.00   -0.00   -0.00   -0.00   -0.00   -0.00   -0.00   -0.00  
-0.00   -0.00   -0.00   -0.00   -0.00   -0.00   -0.00   -0.00   -0.00   -0.00   -0.00   -0.00   -0.00   -0.00   -0.00   -0.00   -0.00   -0.00   -0.00   -0.04   -0.09   -0.10   -0.13   -0.15   -0.17   -0.18   -0.20   -0.20   -0.21   -0.21   -0.21   -0.19   -0.18   -0.17   -0.15   -0.10   -0.09   -0.07   -0.06   -0.05   -0.04   -0.00   -0.00   -0.00   -0.00   -0.00   -0.00   -0.00   -0.00   -0.00  
-0.00   -0.00   -0.00   -0.00   -0.00   -0.00   -0.00   -0.00   -0.00   -0.00   -0.00   -0.00   -0.00   -0.00   -0.00   -0.00   -0.00   -0.00   -0.00   -0.00   -0.04   -0.05   -0.09   -0.11   -0.12   -0.14   -0.15   -0.16   -0.16   -0.16   -0.16   -0.15   -0.14   -0.10   -0.09   -0.07   -0.07   -0.06   -0.04   -0.04   -0.00   -0.00   -0.00   -0.00   -0.00   -0.00   -0.00   -0.00   -0.00   -0.00  
-0.00   -0.00   -0.00   -0.00   -0.00   -0.00   -0.00   -0.00   -0.00   -0.00   -0.00   -0.00   -0.00   -0.00   -0.00   -0.00   -0.00   -0.00   -0.00   -0.00   -0.00   -0.00   -0.04   -0.05   -0.06   -0.07   -0.11   -0.11   -0.12   -0.08   -0.08   -0.08   -0.08   -0.07   -0.07   -0.06   -0.05   -0.04   -0.00   -0.00   -0.00   -0.00   -0.00   -0.00   -0.00   -0.00   -0.00   -0.00   -0.00   -0.00  
-0.00   -0.00   -0.00   -0.00   -0.00   -0.00   -0.00   -0.00   -0.00   -0.00   -0.00   -0.00   -0.00   -0.00   -0.00   -0.00   -0.00   -0.00   -0.00   -0.00   -0.00   -0.00   -0.00   -0.04   -0.04   -0.05   -0.05   -0.06   -0.06   -0.06   -0.06   -0.06   -0.06   -0.05   -0.05   -0.04   -0.04   -0.00   -0.00   -0.00   -0.00   -0.00   -0.00   -0.00   -0.00   -0.00   -0.00   -0.00   -0.00   -0.00  
-0.00   -0.00   -0.00   -0.00   -0.00   -0.00   -0.00   -0.00   -0.00   -0.00   -0.00   -0.00   -0.00   -0.00   -0.00   -0.00   -0.00   -0.00   -0.00   -0.00   -0.00   -0.00   -0.00   -0.00   -0.00   -0.00   -0.04   -0.04   -0.04   -0.04   -0.04   -0.04   -0.04   -0.04   -0.00   -0.00   -0.00   -0.00   -0.00   -0.00   -0.00   -0.00   -0.00   -0.00   -0.00   -0.00   -0.00   -0.00   -0.00   -0.00  
-0.00   -0.00   -0.00   -0.00   -0.00   -0.00   -0.00   -0.00   -0.00   -0.00   -0.00   -0.00   -0.00   -0.00   -0.00   -0.00   -0.00   -0.00   -0.00   -0.00   -0.00   -0.00   -0.00   -0.00   -0.00   -0.00   -0.00   -0.00   -0.00   -0.00   -0.00   -0.00   -0.00   -0.00   -0.00   -0.00   -0.00   -0.00   -0.00   -0.00   -0.00   -0.00   -0.00   -0.00   -0.00   -0.00   -0.00   -0.00   -0.00   -0.00  
-0.00   -0.00   -0.00   -0.00   -0.00   -0.00   -0.00   -0.00   -0.00   -0.00   -0.00   -0.00   -0.00   -0.00   -0.00   -0.00   -0.00   -0.00   -0.00   -0.00   -0.00   -0.00   -0.00   -0.00   -0.00   -0.00   -0.00   -0.00   -0.00   -0.00   -0.00   -0.00   -0.00   -0.00   -0.00   -0.00   -0.00   -0.00   -0.00   -0.00   -0.00   -0.00   -0.00   -0.00   -0.00   -0.00   -0.00   -0.00   -0.00   -0.00  
-0.00   -0.00   -0.00   -0.00   -0.00   -0.00   -0.00   -0.00   -0.00   -0.00   -0.00   -0.00   -0.00   -0.00   -0.00   -0.00   -0.00   -0.00   -0.00   -0.00   -0.00   -0.00   -0.00   -0.00   -0.00   -0.00   -0.00   -0.00   -0.00   -0.00   -0.00   -0.00   -0.00   -0.00   -0.00   -0.00   -0.00   -0.00   -0.00   -0.00   -0.00   -0.00   -0.00   -0.00   -0.00   -0.00   -0.00   -0.00   -0.00   -0.00  
