-1.00   0.08    -1.00   0.41    -1.00   -1.00   -1.00   -1.00   -1.00   -1.00   -1.00   -1.00   -1.00   0.08    0.26    -1.00   -1.00   -1.00   -1.00   0.08    0.08    0.08    0.08    0.08    0.08    0.08    0.08    0.08    0.27    2.09    -1.00   0.12    0.25    0.08    0.08    0.08    -1.00   -1.00   -1.00   0.08    0.08   
0.08    -1.00   -1.00   0.35    -1.00   -1.00   -1.00   -1.00   -1.00   -1.00   -1.00   -1.00   -1.00   0.06    0.24    -1.00   -1.00   -1.00   -1.00   0.08    0.06    0.06    0.06    0.06    0.06    0.06    0.06    0.06    0.27    2.09    -1.00   0.12    0.25    0.06    0.06    0.06    -1.00   -1.00   -1.00   0.06    0.06   
-1.00   -1.00   -1.00   -1.00   -1.00   -1.00   -1.00   -1.00   -1.00   -1.00   -1.00   -1.00   -1.00   -1.00   -1.00   -1.00   -1.00   -1.00   -1.00   -1.00   -1.00   -1.00   -1.00   -1.00   -1.00   -1.00   -1.00   -1.00   -1.00   -1.00   -1.00   -1.00   -1.00   -1.00   -1.00   -1.00   -1.00   -1.00   -1.00   -1.00   -1.00  
0.41    0.35    -1.00   -1.00   -1.00   -1.00   -1.00   -1.00   -1.00   -1.00   -1.00   -1.00   -1.00   0.38    1.23    -1.00   -1.00   -1.00   -1.00   0.40    0.34    0.34    0.34    0.34    0.34    0.34    0.34    0.34    1.36    10.43   -1.00   0.61    1.22    0.34    0.34    0.34    -1.00   -1.00   -1.00   0.34    0.34   
-1.00   -1.00   -1.00   -1.00   -1.00   -1.00   -1.00   -1.00   -1.00   -1.00   -1.00   -1.00   -1.00   -1.00   -1.00   -1.00   -1.00   -1.00   -1.00   -1.00   -1.00   -1.00   -1.00   -1.00   -1.00   -1.00   -1.00   -1.00   -1.00   -1.00   -1.00   -1.00   -1.00   -1.00   -1.00   -1.00   -1.00   -1.00   -1.00   -1.00   -1.00  
-1.00   -1.00   -1.00   -1.00   -1.00   -1.00   -1.00   -1.00   -1.00   -1.00   -1.00   -1.00   -1.00   -1.00   -1.00   -1.00   -1.00   -1.00   -1.00   -1.00   -1.00   -1.00   -1.00   -1.00   -1.00   -1.00   -1.00   -1.00   -1.00   -1.00   -1.00   -1.00   -1.00   -1.00   -1.00   -1.00   -1.00   -1.00   -1.00   -1.00   -1.00  
-1.00   -1.00   -1.00   -1.00   -1.00   -1.00   -1.00   -1.00   -1.00   -1.00   -1.00   -1.00   -1.00   -1.00   -1.00   -1.00   -1.00   -1.00   -1.00   -1.00   -1.00   -1.00   -1.00   -1.00   -1.00   -1.00   -1.00   -1.00   -1.00   -1.00   -1.00   -1.00   -1.00   -1.00   -1.00   -1.00   -1.00   -1.00   -1.00   -1.00   -1.00  
-1.00   -1.00   -1.00   -1.00   -1.00   -1.00   -1.00   -1.00   -1.00   -1.00   -1.00   -1.00   -1.00   -1.00   -1.00   -1.00   -1.00   -1.00   -1.00   -1.00   -1.00   -1.00   -1.00   -1.00   -1.00   -1.00   -1.00   -1.00   -1.00   -1.00   -1.00   -1.00   -1.00   -1.00   -1.00   -1.00   -1.00   -1.00   -1.00   -1.00   -1.00  
-1.00   -1.00   -1.00   -1.00   -1.00   -1.00   -1.00   -1.00   -1.00   -1.00   -1.00   -1.00   -1.00   -1.00   -1.00   -1.00   -1.00   -1.00   -1.00   -1.00   -1.00   -1.00   -1.00   -1.00   -1.00   -1.00   -1.00   -1.00   -1.00   -1.00   -1.00   -1.00   -1.00   -1.00   -1.00   -1.00   -1.00   -1.00   -1.00   -1.00   -1.00  
-1.00   -1.00   -1.00   -1.00   -1.00   -1.00   -1.00   -1.00   -1.00   -1.00   -1.00   -1.00   -1.00   -1.00   -1.00   -1.00   -1.00   -1.00   -1.00   -1.00   -1.00   -1.00   -1.00   -1.00   -1.00   -1.00   -1.00   -1.00   -1.00   -1.00   -1.00   -1.00   -1.00   -1.00   -1.00   -1.00   -1.00   -1.00   -1.00   -1.00   -1.00  
-1.00   -1.00   -1.00   -1.00   -1.00   -1.00   -1.00   -1.00   -1.00   -1.00   -1.00   -1.00   -1.00   -1.00   -1.00   -1.00   -1.00   -1.00   -1.00   -1.00   -1.00   -1.00   -1.00   -1.00   -1.00   -1.00   -1.00   -1.00   -1.00   -1.00   -1.00   -1.00   -1.00   -1.00   -1.00   -1.00   -1.00   -1.00   -1.00   -1.00   -1.00  
-1.00   -1.00   -1.00   -1.00   -1.00   -1.00   -1.00   -1.00   -1.00   -1.00   -1.00   -1.00   -1.00   -1.00   -1.00   -1.00   -1.00   -1.00   -1.00   -1.00   -1.00   -1.00   -1.00   -1.00   -1.00   -1.00   -1.00   -1.00   -1.00   1.17    -1.00   -1.00   -1.00   -1.00   -1.00   -1.00   -1.00   -1.00   -1.00   -1.00   -1.00  
-1.00   -1.00   -1.00   -1.00   -1.00   -1.00   -1.00   -1.00   -1.00   -1.00   -1.00   -1.00   -1.00   -1.00   -1.00   -1.00   -1.00   -1.00   -1.00   -1.00   -1.00   -1.00   -1.00   -1.00   -1.00   -1.00   -1.00   -1.00   -1.00   -1.00   -1.00   -1.00   -1.00   -1.00   -1.00   -1.00   -1.00   -1.00   -1.00   -1.00   -1.00  
0.08    0.06    -1.00   0.38    -1.00   -1.00   -1.00   -1.00   -1.00   -1.00   -1.00   -1.00   -1.00   -1.00   0.20    -1.00   -1.00   -1.00   -1.00   0.08    0.08    0.08    0.08    0.08    0.08    0.08    0.08    0.08    0.27    2.09    -1.00   0.12    0.25    0.08    0.08    0.08    -1.00   -1.00   -1.00   0.08    0.08   
0.26    0.24    -1.00   1.23    -1.00   -1.00   -1.00   -1.00   -1.00   -1.00   -1.00   -1.00   -1.00   0.20    -1.00   -1.00   -1.00   -1.00   -1.00   0.24    0.26    0.26    0.26    0.26    0.26    0.26    0.26    0.26    0.82    6.26    -1.00   0.37    0.75    0.26    0.26    0.26    -1.00   -1.00   -1.00   0.26    0.26   
-1.00   -1.00   -1.00   -1.00   -1.00   -1.00   -1.00   -1.00   -1.00   -1.00   -1.00   -1.00   -1.00   -1.00   -1.00   -1.00   -1.00   -1.00   -1.00   -1.00   -1.00   -1.00   -1.00   -1.00   -1.00   -1.00   -1.00   -1.00   -1.00   -1.00   -1.00   -1.00   -1.00   -1.00   -1.00   -1.00   -1.00   -1.00   -1.00   -1.00   -1.00  
-1.00   -1.00   -1.00   -1.00   -1.00   -1.00   -1.00   -1.00   -1.00   -1.00   -1.00   -1.00   -1.00   -1.00   -1.00   -1.00   -1.00   -1.00   -1.00   -1.00   -1.00   -1.00   -1.00   -1.00   -1.00   -1.00   -1.00   -1.00   -1.00   -1.00   -1.00   -1.00   -1.00   -1.00   -1.00   -1.00   -1.00   -1.00   -1.00   -1.00   -1.00  
-1.00   -1.00   -1.00   -1.00   -1.00   -1.00   -1.00   -1.00   -1.00   -1.00   -1.00   -1.00   -1.00   -1.00   -1.00   -1.00   -1.00   -1.00   -1.00   -1.00   -1.00   -1.00   -1.00   -1.00   -1.00   -1.00   -1.00   -1.00   -1.00   -1.00   -1.00   -1.00   -1.00   -1.00   -1.00   -1.00   -1.00   -1.00   -1.00   -1.00   -1.00  
-1.00   -1.00   -1.00   -1.00   -1.00   -1.00   -1.00   -1.00   -1.00   -1.00   -1.00   -1.00   -1.00   -1.00   -1.00   -1.00   -1.00   -1.00   -1.00   -1.00   -1.00   -1.00   -1.00   -1.00   -1.00   -1.00   -1.00   -1.00   -1.00   -1.00   -1.00   -1.00   -1.00   -1.00   -1.00   -1.00   -1.00   -1.00   -1.00   -1.00   -1.00  
0.08    0.08    -1.00   0.40    -1.00   -1.00   -1.00   -1.00   -1.00   -1.00   -1.00   -1.00   -1.00   0.08    0.24    -1.00   -1.00   -1.00   -1.00   -1.00   0.08    0.08    0.08    0.08    0.08    0.08    0.08    0.08    0.27    2.09    -1.00   0.12    0.14    0.08    0.08    0.08    -1.00   -1.00   -1.00   0.08    0.08   
0.08    0.06    -1.00   0.34    -1.00   -1.00   -1.00   -1.00   -1.00   -1.00   -1.00   -1.00   -1.00   0.08    0.26    -1.00   -1.00   -1.00   -1.00   0.08    -1.00   -1.00   -1.00   -1.00   -1.00   -1.00   -1.00   -1.00   0.27    2.09    -1.00   0.12    0.25    -1.00   -1.00   -1.00   -1.00   -1.00   -1.00   -1.00   -1.00  
0.08    0.06    -1.00   0.34    -1.00   -1.00   -1.00   -1.00   -1.00   -1.00   -1.00   -1.00   -1.00   0.08    0.26    -1.00   -1.00   -1.00   -1.00   0.08    -1.00   -1.00   -1.00   -1.00   -1.00   -1.00   -1.00   -1.00   0.27    2.09    -1.00   0.12    0.25    -1.00   -1.00   -1.00   -1.00   -1.00   -1.00   -1.00   -1.00  
0.08    0.06    -1.00   0.34    -1.00   -1.00   -1.00   -1.00   -1.00   -1.00   -1.00   -1.00   -1.00   0.08    0.26    -1.00   -1.00   -1.00   -1.00   0.08    -1.00   -1.00   -1.00   -1.00   -1.00   -1.00   -1.00   -1.00   0.27    2.09    -1.00   0.12    0.25    -1.00   -1.00   -1.00   -1.00   -1.00   -1.00   -1.00   -1.00  
0.08    0.06    -1.00   0.34    -1.00   -1.00   -1.00   -1.00   -1.00   -1.00   -1.00   -1.00   -1.00   0.08    0.26    -1.00   -1.00   -1.00   -1.00   0.08    -1.00   -1.00   -1.00   -1.00   -1.00   -1.00   -1.00   -1.00   0.27    2.09    -1.00   0.12    0.25    -1.00   -1.00   -1.00   -1.00   -1.00   -1.00   -1.00   -1.00  
0.08    0.06    -1.00   0.34    -1.00   -1.00   -1.00   -1.00   -1.00   -1.00   -1.00   -1.00   -1.00   0.08    0.26    -1.00   -1.00   -1.00   -1.00   0.08    -1.00   -1.00   -1.00   -1.00   -1.00   -1.00   -1.00   -1.00   0.27    2.09    -1.00   0.12    0.25    -1.00   -1.00   -1.00   -1.00   -1.00   -1.00   -1.00   -1.00  
0.08    0.06    -1.00   0.34    -1.00   -1.00   -1.00   -1.00   -1.00   -1.00   -1.00   -1.00   -1.00   0.08    0.26    -1.00   -1.00   -1.00   -1.00   0.08    -1.00   -1.00   -1.00   -1.00   -1.00   -1.00   -1.00   -1.00   0.27    2.09    -1.00   0.12    0.25    -1.00   -1.00   -1.00   -1.00   -1.00   -1.00   -1.00   -1.00  
0.08    0.06    -1.00   0.34    -1.00   -1.00   -1.00   -1.00   -1.00   -1.00   -1.00   -1.00   -1.00   0.08    0.26    -1.00   -1.00   -1.00   -1.00   0.08    -1.00   -1.00   -1.00   -1.00   -1.00   -1.00   -1.00   -1.00   0.27    2.09    -1.00   0.12    0.25    -1.00   -1.00   -1.00   -1.00   -1.00   -1.00   -1.00   -1.00  
0.08    0.06    -1.00   0.34    -1.00   -1.00   -1.00   -1.00   -1.00   -1.00   -1.00   -1.00   -1.00   0.08    0.26    -1.00   -1.00   -1.00   -1.00   0.08    -1.00   -1.00   -1.00   -1.00   -1.00   -1.00   -1.00   -1.00   0.27    2.09    -1.00   0.12    0.25    -1.00   -1.00   -1.00   -1.00   -1.00   -1.00   -1.00   -1.00  
0.27    0.27    -1.00   1.36    -1.00   -1.00   -1.00   -1.00   -1.00   -1.00   -1.00   -1.00   -1.00   0.27    0.82    -1.00   -1.00   -1.00   -1.00   0.27    0.27    0.27    0.27    0.27    0.27    0.27    0.27    0.27    -1.00   2.09    -1.00   0.12    0.55    0.27    0.27    0.27    -1.00   -1.00   -1.00   0.27    0.27   
2.09    2.09    -1.00   10.43   -1.00   -1.00   -1.00   -1.00   -1.00   -1.00   -1.00   1.17    -1.00   2.09    6.26    -1.00   -1.00   -1.00   -1.00   2.09    2.09    2.09    2.09    2.09    2.09    2.09    2.09    2.09    2.09    -1.00   -1.00   2.09    4.17    2.09    2.09    2.09    -1.00   -1.00   -1.00   2.09    2.09   
-1.00   -1.00   -1.00   -1.00   -1.00   -1.00   -1.00   -1.00   -1.00   -1.00   -1.00   -1.00   -1.00   -1.00   -1.00   -1.00   -1.00   -1.00   -1.00   -1.00   -1.00   -1.00   -1.00   -1.00   -1.00   -1.00   -1.00   -1.00   -1.00   -1.00   -1.00   -1.00   -1.00   -1.00   -1.00   -1.00   -1.00   -1.00   -1.00   -1.00   -1.00  
0.12    0.12    -1.00   0.61    -1.00   -1.00   -1.00   -1.00   -1.00   -1.00   -1.00   -1.00   -1.00   0.12    0.37    -1.00   -1.00   -1.00   -1.00   0.12    0.12    0.12    0.12    0.12    0.12    0.12    0.12    0.12    0.12    2.09    -1.00   -1.00   0.24    0.12    0.12    0.12    -1.00   -1.00   -1.00   0.12    0.12   
0.25    0.25    -1.00   1.22    -1.00   -1.00   -1.00   -1.00   -1.00   -1.00   -1.00   -1.00   -1.00   0.25    0.75    -1.00   -1.00   -1.00   -1.00   0.14    0.25    0.25    0.25    0.25    0.25    0.25    0.25    0.25    0.55    4.17    -1.00   0.24    -1.00   0.25    0.25    0.25    -1.00   -1.00   -1.00   0.25    0.25   
0.08    0.06    -1.00   0.34    -1.00   -1.00   -1.00   -1.00   -1.00   -1.00   -1.00   -1.00   -1.00   0.08    0.26    -1.00   -1.00   -1.00   -1.00   0.08    -1.00   -1.00   -1.00   -1.00   -1.00   -1.00   -1.00   -1.00   0.27    2.09    -1.00   0.12    0.25    -1.00   -1.00   -1.00   -1.00   -1.00   -1.00   -1.00   -1.00  
0.08    0.06    -1.00   0.34    -1.00   -1.00   -1.00   -1.00   -1.00   -1.00   -1.00   -1.00   -1.00   0.08    0.26    -1.00   -1.00   -1.00   -1.00   0.08    -1.00   -1.00   -1.00   -1.00   -1.00   -1.00   -1.00   -1.00   0.27    2.09    -1.00   0.12    0.25    -1.00   -1.00   -1.00   -1.00   -1.00   -1.00   -1.00   -1.00  
0.08    0.06    -1.00   0.34    -1.00   -1.00   -1.00   -1.00   -1.00   -1.00   -1.00   -1.00   -1.00   0.08    0.26    -1.00   -1.00   -1.00   -1.00   0.08    -1.00   -1.00   -1.00   -1.00   -1.00   -1.00   -1.00   -1.00   0.27    2.09    -1.00   0.12    0.25    -1.00   -1.00   -1.00   -1.00   -1.00   -1.00   -1.00   -1.00  
-1.00   -1.00   -1.00   -1.00   -1.00   -1.00   -1.00   -1.00   -1.00   -1.00   -1.00   -1.00   -1.00   -1.00   -1.00   -1.00   -1.00   -1.00   -1.00   -1.00   -1.00   -1.00   -1.00   -1.00   -1.00   -1.00   -1.00   -1.00   -1.00   -1.00   -1.00   -1.00   -1.00   -1.00   -1.00   -1.00   -1.00   -1.00   -1.00   -1.00   -1.00  
-1.00   -1.00   -1.00   -1.00   -1.00   -1.00   -1.00   -1.00   -1.00   -1.00   -1.00   -1.00   -1.00   -1.00   -1.00   -1.00   -1.00   -1.00   -1.00   -1.00   -1.00   -1.00   -1.00   -1.00   -1.00   -1.00   -1.00   -1.00   -1.00   -1.00   -1.00   -1.00   -1.00   -1.00   -1.00   -1.00   -1.00   -1.00   -1.00   -1.00   -1.00  
-1.00   -1.00   -1.00   -1.00   -1.00   -1.00   -1.00   -1.00   -1.00   -1.00   -1.00   -1.00   -1.00   -1.00   -1.00   -1.00   -1.00   -1.00   -1.00   -1.00   -1.00   -1.00   -1.00   -1.00   -1.00   -1.00   -1.00   -1.00   -1.00   -1.00   -1.00   -1.00   -1.00   -1.00   -1.00   -1.00   -1.00   -1.00   -1.00   -1.00   -1.00  
0.08    0.06    -1.00   0.34    -1.00   -1.00   -1.00   -1.00   -1.00   -1.00   -1.00   -1.00   -1.00   0.08    0.26    -1.00   -1.00   -1.00   -1.00   0.08    -1.00   -1.00   -1.00   -1.00   -1.00   -1.00   -1.00   -1.00   0.27    2.09    -1.00   0.12    0.25    -1.00   -1.00   -1.00   -1.00   -1.00   -1.00   -1.00   -1.00  
0.08    0.06    -1.00   0.34    -1.00   -1.00   -1.00   -1.00   -1.00   -1.00   -1.00   -1.00   -1.00   0.08    0.26    -1.00   -1.00   -1.00   -1.00   0.08    -1.00   -1.00   -1.00   -1.00   -1.00   -1.00   -1.00   -1.00   0.27    2.09    -1.00   0.12    0.25    -1.00   -1.00   -1.00   -1.00   -1.00   -1.00   -1.00   -1.00  
# New slice
