-1.00   0.08    -1.00   0.08    0.08    -1.00   -1.00   -1.00   -1.00   -1.00   -1.00   0.08    -1.00   0.08    0.07    -1.00   -1.00   -1.00   0.08    0.08    0.08    0.08    0.08    0.08    0.08    0.08    0.08    0.08    0.27    0.56    -1.00   0.12    0.13    0.08    0.08    0.08    -1.00   -1.00   -1.00   0.08    0.08   
0.08    -1.00   -1.00   0.06    0.06    -1.00   -1.00   -1.00   -1.00   -1.00   -1.00   0.02    -1.00   0.06    0.07    -1.00   -1.00   -1.00   0.08    0.08    0.06    0.06    0.06    0.06    0.06    0.06    0.06    0.06    0.27    0.56    -1.00   0.12    0.13    0.06    0.06    0.06    -1.00   -1.00   -1.00   0.06    0.06   
-1.00   -1.00   -1.00   -1.00   -1.00   -1.00   -1.00   -1.00   -1.00   -1.00   -1.00   -1.00   -1.00   -1.00   -1.00   -1.00   -1.00   -1.00   -1.00   -1.00   -1.00   -1.00   -1.00   -1.00   -1.00   -1.00   -1.00   -1.00   -1.00   -1.00   -1.00   -1.00   -1.00   -1.00   -1.00   -1.00   -1.00   -1.00   -1.00   -1.00   -1.00  
0.08    0.06    -1.00   -1.00   0.13    -1.00   -1.00   -1.00   -1.00   -1.00   -1.00   0.05    -1.00   0.12    0.07    -1.00   -1.00   -1.00   0.08    0.08    0.10    0.10    0.10    0.10    0.10    0.10    0.10    0.10    0.27    0.56    -1.00   0.12    0.13    0.10    0.10    0.10    -1.00   -1.00   -1.00   0.10    0.10   
0.08    0.06    -1.00   0.13    -1.00   -1.00   -1.00   -1.00   -1.00   -1.00   -1.00   0.05    -1.00   0.02    0.07    -1.00   -1.00   -1.00   0.08    0.08    0.08    0.08    0.08    0.08    0.08    0.08    0.08    0.08    0.27    0.56    -1.00   0.12    0.13    0.08    0.08    0.08    -1.00   -1.00   -1.00   0.08    0.08   
-1.00   -1.00   -1.00   -1.00   -1.00   -1.00   -1.00   -1.00   -1.00   -1.00   -1.00   -1.00   -1.00   -1.00   -1.00   -1.00   -1.00   -1.00   -1.00   -1.00   -1.00   -1.00   -1.00   -1.00   -1.00   -1.00   -1.00   -1.00   -1.00   -1.00   -1.00   -1.00   -1.00   -1.00   -1.00   -1.00   -1.00   -1.00   -1.00   -1.00   -1.00  
-1.00   -1.00   -1.00   -1.00   -1.00   -1.00   -1.00   -1.00   -1.00   -1.00   -1.00   -1.00   -1.00   -1.00   -1.00   -1.00   -1.00   -1.00   -1.00   -1.00   -1.00   -1.00   -1.00   -1.00   -1.00   -1.00   -1.00   -1.00   -1.00   -1.00   -1.00   -1.00   -1.00   -1.00   -1.00   -1.00   -1.00   -1.00   -1.00   -1.00   -1.00  
-1.00   -1.00   -1.00   -1.00   -1.00   -1.00   -1.00   -1.00   -1.00   -1.00   -1.00   -1.00   -1.00   -1.00   -1.00   -1.00   -1.00   -1.00   -1.00   -1.00   -1.00   -1.00   -1.00   -1.00   -1.00   -1.00   -1.00   -1.00   -1.00   -1.00   -1.00   -1.00   -1.00   -1.00   -1.00   -1.00   -1.00   -1.00   -1.00   -1.00   -1.00  
-1.00   -1.00   -1.00   -1.00   -1.00   -1.00   -1.00   -1.00   -1.00   -1.00   -1.00   -1.00   -1.00   -1.00   -1.00   -1.00   -1.00   -1.00   -1.00   -1.00   -1.00   -1.00   -1.00   -1.00   -1.00   -1.00   -1.00   -1.00   -1.00   -1.00   -1.00   -1.00   -1.00   -1.00   -1.00   -1.00   -1.00   -1.00   -1.00   -1.00   -1.00  
-1.00   -1.00   -1.00   -1.00   -1.00   -1.00   -1.00   -1.00   -1.00   -1.00   -1.00   -1.00   -1.00   -1.00   -1.00   -1.00   -1.00   -1.00   -1.00   -1.00   -1.00   -1.00   -1.00   -1.00   -1.00   -1.00   -1.00   -1.00   -1.00   -1.00   -1.00   -1.00   -1.00   -1.00   -1.00   -1.00   -1.00   -1.00   -1.00   -1.00   -1.00  
-1.00   -1.00   -1.00   -1.00   -1.00   -1.00   -1.00   -1.00   -1.00   -1.00   -1.00   -1.00   -1.00   -1.00   -1.00   -1.00   -1.00   -1.00   -1.00   -1.00   -1.00   -1.00   -1.00   -1.00   -1.00   -1.00   -1.00   -1.00   -1.00   -1.00   -1.00   -1.00   -1.00   -1.00   -1.00   -1.00   -1.00   -1.00   -1.00   -1.00   -1.00  
0.08    0.02    -1.00   0.05    0.05    -1.00   -1.00   -1.00   -1.00   -1.00   -1.00   -1.00   -1.00   0.05    0.07    -1.00   -1.00   -1.00   0.08    0.08    0.05    0.05    0.05    0.05    0.05    0.05    0.05    0.05    0.27    0.56    -1.00   0.12    0.13    0.05    0.05    0.05    -1.00   -1.00   -1.00   0.05    0.05   
-1.00   -1.00   -1.00   -1.00   -1.00   -1.00   -1.00   -1.00   -1.00   -1.00   -1.00   -1.00   -1.00   -1.00   -1.00   -1.00   -1.00   -1.00   -1.00   -1.00   -1.00   -1.00   -1.00   -1.00   -1.00   -1.00   -1.00   -1.00   -1.00   -1.00   -1.00   -1.00   -1.00   -1.00   -1.00   -1.00   -1.00   -1.00   -1.00   -1.00   -1.00  
0.08    0.06    -1.00   0.12    0.02    -1.00   -1.00   -1.00   -1.00   -1.00   -1.00   0.05    -1.00   -1.00   0.07    -1.00   -1.00   -1.00   0.08    0.08    0.08    0.08    0.08    0.08    0.08    0.08    0.08    0.08    0.27    0.56    -1.00   0.12    0.13    0.08    0.08    0.08    -1.00   -1.00   -1.00   0.08    0.08   
0.07    0.07    -1.00   0.07    0.07    -1.00   -1.00   -1.00   -1.00   -1.00   -1.00   0.07    -1.00   0.07    -1.00   -1.00   -1.00   -1.00   0.08    0.08    0.07    0.07    0.07    0.07    0.07    0.07    0.07    0.07    0.27    0.56    -1.00   0.12    0.13    0.07    0.07    0.07    -1.00   -1.00   -1.00   0.07    0.07   
-1.00   -1.00   -1.00   -1.00   -1.00   -1.00   -1.00   -1.00   -1.00   -1.00   -1.00   -1.00   -1.00   -1.00   -1.00   -1.00   -1.00   -1.00   -1.00   -1.00   -1.00   -1.00   -1.00   -1.00   -1.00   -1.00   -1.00   -1.00   -1.00   -1.00   -1.00   -1.00   -1.00   -1.00   -1.00   -1.00   -1.00   -1.00   -1.00   -1.00   -1.00  
-1.00   -1.00   -1.00   -1.00   -1.00   -1.00   -1.00   -1.00   -1.00   -1.00   -1.00   -1.00   -1.00   -1.00   -1.00   -1.00   -1.00   -1.00   -1.00   -1.00   -1.00   -1.00   -1.00   -1.00   -1.00   -1.00   -1.00   -1.00   -1.00   -1.00   -1.00   -1.00   -1.00   -1.00   -1.00   -1.00   -1.00   -1.00   -1.00   -1.00   -1.00  
-1.00   -1.00   -1.00   -1.00   -1.00   -1.00   -1.00   -1.00   -1.00   -1.00   -1.00   -1.00   -1.00   -1.00   -1.00   -1.00   -1.00   -1.00   -1.00   -1.00   -1.00   -1.00   -1.00   -1.00   -1.00   -1.00   -1.00   -1.00   -1.00   -1.00   -1.00   -1.00   -1.00   -1.00   -1.00   -1.00   -1.00   -1.00   -1.00   -1.00   -1.00  
0.08    0.08    -1.00   0.08    0.08    -1.00   -1.00   -1.00   -1.00   -1.00   -1.00   0.08    -1.00   0.08    0.08    -1.00   -1.00   -1.00   -1.00   -1.00   0.08    0.08    0.08    0.08    0.08    0.08    0.08    0.08    0.27    0.56    -1.00   0.12    0.07    0.08    0.08    0.08    -1.00   -1.00   -1.00   0.08    0.08   
0.08    0.08    -1.00   0.08    0.08    -1.00   -1.00   -1.00   -1.00   -1.00   -1.00   0.08    -1.00   0.08    0.08    -1.00   -1.00   -1.00   -1.00   -1.00   0.08    0.08    0.08    0.08    0.08    0.08    0.08    0.08    0.27    0.56    -1.00   0.12    0.07    0.08    0.08    0.08    -1.00   -1.00   -1.00   0.08    0.08   
0.08    0.06    -1.00   0.10    0.08    -1.00   -1.00   -1.00   -1.00   -1.00   -1.00   0.05    -1.00   0.08    0.07    -1.00   -1.00   -1.00   0.08    0.08    -1.00   -1.00   -1.00   -1.00   -1.00   -1.00   -1.00   -1.00   0.27    0.56    -1.00   0.12    0.13    -1.00   -1.00   -1.00   -1.00   -1.00   -1.00   -1.00   -1.00  
0.08    0.06    -1.00   0.10    0.08    -1.00   -1.00   -1.00   -1.00   -1.00   -1.00   0.05    -1.00   0.08    0.07    -1.00   -1.00   -1.00   0.08    0.08    -1.00   -1.00   -1.00   -1.00   -1.00   -1.00   -1.00   -1.00   0.27    0.56    -1.00   0.12    0.13    -1.00   -1.00   -1.00   -1.00   -1.00   -1.00   -1.00   -1.00  
0.08    0.06    -1.00   0.10    0.08    -1.00   -1.00   -1.00   -1.00   -1.00   -1.00   0.05    -1.00   0.08    0.07    -1.00   -1.00   -1.00   0.08    0.08    -1.00   -1.00   -1.00   -1.00   -1.00   -1.00   -1.00   -1.00   0.27    0.56    -1.00   0.12    0.13    -1.00   -1.00   -1.00   -1.00   -1.00   -1.00   -1.00   -1.00  
0.08    0.06    -1.00   0.10    0.08    -1.00   -1.00   -1.00   -1.00   -1.00   -1.00   0.05    -1.00   0.08    0.07    -1.00   -1.00   -1.00   0.08    0.08    -1.00   -1.00   -1.00   -1.00   -1.00   -1.00   -1.00   -1.00   0.27    0.56    -1.00   0.12    0.13    -1.00   -1.00   -1.00   -1.00   -1.00   -1.00   -1.00   -1.00  
0.08    0.06    -1.00   0.10    0.08    -1.00   -1.00   -1.00   -1.00   -1.00   -1.00   0.05    -1.00   0.08    0.07    -1.00   -1.00   -1.00   0.08    0.08    -1.00   -1.00   -1.00   -1.00   -1.00   -1.00   -1.00   -1.00   0.27    0.56    -1.00   0.12    0.13    -1.00   -1.00   -1.00   -1.00   -1.00   -1.00   -1.00   -1.00  
0.08    0.06    -1.00   0.10    0.08    -1.00   -1.00   -1.00   -1.00   -1.00   -1.00   0.05    -1.00   0.08    0.07    -1.00   -1.00   -1.00   0.08    0.08    -1.00   -1.00   -1.00   -1.00   -1.00   -1.00   -1.00   -1.00   0.27    0.56    -1.00   0.12    0.13    -1.00   -1.00   -1.00   -1.00   -1.00   -1.00   -1.00   -1.00  
0.08    0.06    -1.00   0.10    0.08    -1.00   -1.00   -1.00   -1.00   -1.00   -1.00   0.05    -1.00   0.08    0.07    -1.00   -1.00   -1.00   0.08    0.08    -1.00   -1.00   -1.00   -1.00   -1.00   -1.00   -1.00   -1.00   0.27    0.56    -1.00   0.12    0.13    -1.00   -1.00   -1.00   -1.00   -1.00   -1.00   -1.00   -1.00  
0.08    0.06    -1.00   0.10    0.08    -1.00   -1.00   -1.00   -1.00   -1.00   -1.00   0.05    -1.00   0.08    0.07    -1.00   -1.00   -1.00   0.08    0.08    -1.00   -1.00   -1.00   -1.00   -1.00   -1.00   -1.00   -1.00   0.27    0.56    -1.00   0.12    0.13    -1.00   -1.00   -1.00   -1.00   -1.00   -1.00   -1.00   -1.00  
0.27    0.27    -1.00   0.27    0.27    -1.00   -1.00   -1.00   -1.00   -1.00   -1.00   0.27    -1.00   0.27    0.27    -1.00   -1.00   -1.00   0.27    0.27    0.27    0.27    0.27    0.27    0.27    0.27    0.27    0.27    -1.00   0.56    -1.00   0.12    0.27    0.27    0.27    0.27    -1.00   -1.00   -1.00   0.27    0.27   
0.56    0.56    -1.00   0.56    0.56    -1.00   -1.00   -1.00   -1.00   -1.00   -1.00   0.56    -1.00   0.56    0.56    -1.00   -1.00   -1.00   0.56    0.56    0.56    0.56    0.56    0.56    0.56    0.56    0.56    0.56    0.56    -1.00   -1.00   0.56    0.56    0.56    0.56    0.56    -1.00   -1.00   -1.00   0.56    0.56   
-1.00   -1.00   -1.00   -1.00   -1.00   -1.00   -1.00   -1.00   -1.00   -1.00   -1.00   -1.00   -1.00   -1.00   -1.00   -1.00   -1.00   -1.00   -1.00   -1.00   -1.00   -1.00   -1.00   -1.00   -1.00   -1.00   -1.00   -1.00   -1.00   -1.00   -1.00   -1.00   -1.00   -1.00   -1.00   -1.00   -1.00   -1.00   -1.00   -1.00   -1.00  
0.12    0.12    -1.00   0.12    0.12    -1.00   -1.00   -1.00   -1.00   -1.00   -1.00   0.12    -1.00   0.12    0.12    -1.00   -1.00   -1.00   0.12    0.12    0.12    0.12    0.12    0.12    0.12    0.12    0.12    0.12    0.12    0.56    -1.00   -1.00   0.12    0.12    0.12    0.12    -1.00   -1.00   -1.00   0.12    0.12   
0.13    0.13    -1.00   0.13    0.13    -1.00   -1.00   -1.00   -1.00   -1.00   -1.00   0.13    -1.00   0.13    0.13    -1.00   -1.00   -1.00   0.07    0.07    0.13    0.13    0.13    0.13    0.13    0.13    0.13    0.13    0.27    0.56    -1.00   0.12    -1.00   0.13    0.13    0.13    -1.00   -1.00   -1.00   0.13    0.13   
0.08    0.06    -1.00   0.10    0.08    -1.00   -1.00   -1.00   -1.00   -1.00   -1.00   0.05    -1.00   0.08    0.07    -1.00   -1.00   -1.00   0.08    0.08    -1.00   -1.00   -1.00   -1.00   -1.00   -1.00   -1.00   -1.00   0.27    0.56    -1.00   0.12    0.13    -1.00   -1.00   -1.00   -1.00   -1.00   -1.00   -1.00   -1.00  
0.08    0.06    -1.00   0.10    0.08    -1.00   -1.00   -1.00   -1.00   -1.00   -1.00   0.05    -1.00   0.08    0.07    -1.00   -1.00   -1.00   0.08    0.08    -1.00   -1.00   -1.00   -1.00   -1.00   -1.00   -1.00   -1.00   0.27    0.56    -1.00   0.12    0.13    -1.00   -1.00   -1.00   -1.00   -1.00   -1.00   -1.00   -1.00  
0.08    0.06    -1.00   0.10    0.08    -1.00   -1.00   -1.00   -1.00   -1.00   -1.00   0.05    -1.00   0.08    0.07    -1.00   -1.00   -1.00   0.08    0.08    -1.00   -1.00   -1.00   -1.00   -1.00   -1.00   -1.00   -1.00   0.27    0.56    -1.00   0.12    0.13    -1.00   -1.00   -1.00   -1.00   -1.00   -1.00   -1.00   -1.00  
-1.00   -1.00   -1.00   -1.00   -1.00   -1.00   -1.00   -1.00   -1.00   -1.00   -1.00   -1.00   -1.00   -1.00   -1.00   -1.00   -1.00   -1.00   -1.00   -1.00   -1.00   -1.00   -1.00   -1.00   -1.00   -1.00   -1.00   -1.00   -1.00   -1.00   -1.00   -1.00   -1.00   -1.00   -1.00   -1.00   -1.00   -1.00   -1.00   -1.00   -1.00  
-1.00   -1.00   -1.00   -1.00   -1.00   -1.00   -1.00   -1.00   -1.00   -1.00   -1.00   -1.00   -1.00   -1.00   -1.00   -1.00   -1.00   -1.00   -1.00   -1.00   -1.00   -1.00   -1.00   -1.00   -1.00   -1.00   -1.00   -1.00   -1.00   -1.00   -1.00   -1.00   -1.00   -1.00   -1.00   -1.00   -1.00   -1.00   -1.00   -1.00   -1.00  
-1.00   -1.00   -1.00   -1.00   -1.00   -1.00   -1.00   -1.00   -1.00   -1.00   -1.00   -1.00   -1.00   -1.00   -1.00   -1.00   -1.00   -1.00   -1.00   -1.00   -1.00   -1.00   -1.00   -1.00   -1.00   -1.00   -1.00   -1.00   -1.00   -1.00   -1.00   -1.00   -1.00   -1.00   -1.00   -1.00   -1.00   -1.00   -1.00   -1.00   -1.00  
0.08    0.06    -1.00   0.10    0.08    -1.00   -1.00   -1.00   -1.00   -1.00   -1.00   0.05    -1.00   0.08    0.07    -1.00   -1.00   -1.00   0.08    0.08    -1.00   -1.00   -1.00   -1.00   -1.00   -1.00   -1.00   -1.00   0.27    0.56    -1.00   0.12    0.13    -1.00   -1.00   -1.00   -1.00   -1.00   -1.00   -1.00   -1.00  
0.08    0.06    -1.00   0.10    0.08    -1.00   -1.00   -1.00   -1.00   -1.00   -1.00   0.05    -1.00   0.08    0.07    -1.00   -1.00   -1.00   0.08    0.08    -1.00   -1.00   -1.00   -1.00   -1.00   -1.00   -1.00   -1.00   0.27    0.56    -1.00   0.12    0.13    -1.00   -1.00   -1.00   -1.00   -1.00   -1.00   -1.00   -1.00  
